1 0
1412 0
669 0
790 0
861 0
888 0
7 0
1113 0
863 0
825 0
197 0
829 0
643 0
826 0
1400 0
874 0
1114 0
831 0
827 0
856 0
858 0
892 0
848 0
839 0
1111 0
824 0
822 0
830 0
794 0
5186 418447
1406 0
851 0
9 0
8 0
807 0
804 0
802 0
770 0
769 0
768 0
767 0
766 0
765 0
764 0
763 0
760 0
751 0
750 0
726 0
725 0
721 0
6 0
553 0
552 0
520 0
5185 0
5179 0
510 0
4 0
47 0
452 0
444 0
443 0
442 0
441 0
440 0
439 0
436 0
3 0
30 0
2 0
29 0
28 0
27 0
26 0
25 0
24 0
23 0
22 0
21 0
20 0
19 0
18 0
1838 0
17 0
16 0
15 0
146 0
144 0
143 0
142 0
141 0
140 0
13 0
12 0
11 0
10 0
